Express Packages:
Day 1:
1º: 13 25 550 100
2º: 3 10 579 103
3º: 26 13 1295 104
4º: 20 26 1863 104
5º: 19 19 1990 106
6º: 19 13 1875 107
7º: 25 6 653 107
8º: 10 29 1065 111
9º: 16 13 1718 114
10º: 6 29 1800 116
11º: 19 19 873 118
12º: 28 6 1065 121
13º: 6 6 779 122
14º: 29 16 1442 123
15º: 3 16 753 124
16º: 20 13 1542 128
17º: 23 13 206 128
18º: 29 13 1014 130
19º: 6 16 1023 132
20º: 6 19 1591 138
21º: 23 3 1396 143
22º: 6 6 631 145
23º: 29 10 1463 145
24º: 13 13 1679 146
25º: 7 23 907 152
26º: 19 13 1784 152
27º: 22 10 1079 154
28º: 19 22 1719 159
29º: 20 3 1785 160
30º: 7 29 598 161
31º: 9 13 1442 168
32º: 29 16 1051 169
33º: 25 22 580 176
34º: 6 26 1143 180
35º: 25 6 216 182
36º: 10 13 347 187
37º: 10 26 1843 187
38º: 7 7 1524 189
39º: 13 10 738 190
40º: 22 13 293 191
41º: 3 16 1456 192
42º: 10 26 410 192
43º: 9 22 909 192
44º: 19 22 735 193
45º: 16 3 477 194
46º: 13 6 1062 195
47º: 3 22 1768 195
48º: 16 16 1633 195
49º: 22 10 1848 196
50º: 6 6 1921 197
51º: 20 13 848 198
52º: 3 22 1662 201
53º: 3 13 1306 202
54º: 29 16 584 203
55º: 19 19 1956 207
56º: 20 10 1663 207
57º: 29 26 1522 215
58º: 3 7 1565 226
59º: 16 16 772 229
60º: 22 16 982 229
61º: 7 23 1303 229
62º: 3 13 751 234
63º: 29 22 561 236
64º: 10 26 1229 237
65º: 19 6 324 237
66º: 29 20 1160 237
67º: 9 19 1281 241
68º: 13 23 560 244
69º: 20 23 1236 246
70º: 3 16 1105 256
71º: 6 29 1859 261
72º: 10 19 1278 267
73º: 19 3 762 269
74º: 26 22 1487 269
75º: 3 13 1502 270
76º: 19 26 309 271
77º: 6 28 1820 271
78º: 22 13 1897 272
79º: 7 3 1607 273
80º: 19 13 1904 276
81º: 22 19 783 277
82º: 19 3 1547 279
83º: 22 9 1805 279
84º: 9 16 814 281
85º: 22 3 1492 283
86º: 25 28 1521 284
87º: 29 10 1657 287
88º: 3 3 575 287
89º: 22 19 602 291
90º: 13 3 455 292
91º: 20 23 204 293
92º: 6 6 1058 294
93º: 13 16 1785 297
94º: 28 6 1953 299
95º: 20 7 894 300
96º: 3 13 472 300
97º: 10 7 1801 301
98º: 13 3 795 302
99º: 3 13 1907 307
100º: 26 20 971 308
101º: 28 6 1208 309
102º: 22 16 644 313
103º: 26 6 774 314
104º: 3 20 1645 316
105º: 26 20 1645 318
106º: 6 26 1991 318
107º: 22 22 930 324
108º: 7 13 898 325
109º: 13 29 1511 325
110º: 29 29 1019 326
111º: 10 13 1315 328
112º: 13 10 1614 331
113º: 13 29 626 332
114º: 22 19 1628 332
115º: 22 25 914 337
116º: 20 23 1325 338
117º: 16 19 1193 338
118º: 13 23 1714 347
119º: 19 10 1820 348
120º: 3 16 220 351
121º: 23 23 881 353
122º: 19 29 1523 353
123º: 13 16 1838 354
124º: 13 13 967 355
Day 2:
125º: 19 22 1260 355
126º: 19 26 836 356
127º: 22 3 338 357
128º: 26 16 1303 358
129º: 16 13 707 359
130º: 3 20 1434 362
131º: 13 25 1026 365
132º: 19 3 1814 369
133º: 23 7 983 372
134º: 26 7 738 375
135º: 28 25 952 377
136º: 16 29 1883 380
137º: 9 6 748 381
138º: 25 13 1251 384
139º: 19 16 1319 385
140º: 23 29 957 387
141º: 23 29 1232 389
142º: 25 28 1909 396
143º: 16 6 1907 397
144º: 13 13 1008 398
145º: 10 29 1194 399
146º: 13 13 1714 399
147º: 26 16 403 402
148º: 16 29 1694 404
149º: 13 6 490 406
150º: 16 16 706 408
151º: 13 10 629 410
152º: 7 13 1210 414
153º: 25 6 647 415
154º: 16 23 746 416
155º: 10 3 1641 417
156º: 7 10 1672 419
157º: 3 19 600 422
158º: 10 6 542 430
159º: 6 19 406 430
160º: 26 29 1233 434
161º: 28 6 1636 436
162º: 16 29 1002 441
163º: 26 7 618 442
164º: 3 13 685 443
165º: 26 26 716 445
166º: 20 16 851 446
167º: 20 13 636 446
168º: 9 9 427 447
169º: 26 22 1513 447
170º: 25 22 471 448
171º: 19 22 1200 449
172º: 19 6 1204 453
173º: 16 10 1508 454
174º: 19 13 884 455
175º: 3 10 984 463
176º: 16 3 227 464
177º: 22 25 224 467
178º: 25 19 1889 468
179º: 22 19 470 470
180º: 19 25 844 478
181º: 10 13 414 478
182º: 23 23 1366 481
183º: 29 26 1724 482
184º: 10 10 1285 483
185º: 22 29 1448 487
186º: 28 22 1166 491
187º: 23 16 1936 498
188º: 29 20 1704 502
189º: 6 22 666 504
190º: 25 25 371 509
191º: 25 22 1331 509
Day 3:
192º: 16 13 1477 513
193º: 16 10 396 514
194º: 28 6 707 517
195º: 3 10 1791 520
196º: 26 26 496 520
197º: 16 29 1083 521
198º: 20 16 823 524
199º: 26 16 1296 524
200º: 25 19 1753 524
201º: 10 29 676 526
202º: 6 10 1572 528
203º: 16 28 935 528
204º: 13 29 719 531
205º: 25 28 1370 535
206º: 3 3 1563 535
207º: 6 3 453 537
208º: 3 13 1889 538
209º: 6 22 597 540
210º: 3 19 952 540
211º: 13 26 1253 542
212º: 22 10 1233 546
213º: 22 28 1717 549
214º: 6 3 1176 551
215º: 7 26 1166 552
216º: 13 9 820 552
217º: 22 6 683 553
218º: 13 6 580 558
219º: 28 22 330 563
220º: 19 19 1437 576
221º: 10 10 1856 576
222º: 10 6 1747 577
223º: 19 9 1059 580
224º: 16 22 491 581
225º: 3 13 633 583
226º: 25 22 861 590
227º: 25 16 1200 591
228º: 13 10 606 592
229º: 26 10 574 593
230º: 13 6 223 597
231º: 22 9 1509 598
232º: 23 26 1913 600
233º: 29 26 719 600
234º: 26 22 1348 605
235º: 23 16 868 608
236º: 23 7 936 609
237º: 6 3 1347 609
238º: 19 13 1537 614
239º: 6 22 562 614
240º: 19 16 1351 615
241º: 26 22 1065 616
242º: 7 16 764 617
Day 4:
243º: 19 3 638 618
244º: 19 3 1982 619
245º: 16 22 1579 619
246º: 19 22 1804 622
247º: 13 16 1894 625
248º: 22 13 226 631
249º: 6 19 996 631
250º: 10 10 553 631
251º: 3 23 571 632
252º: 10 3 1886 632
253º: 7 26 1257 632
254º: 10 16 1202 634
255º: 16 29 1730 638
256º: 19 13 1688 640
257º: 16 13 1121 641
258º: 29 20 1972 641
259º: 16 6 1332 642
260º: 7 7 828 643
261º: 26 26 1790 648
262º: 7 16 789 650
263º: 19 13 1040 651
264º: 16 28 1863 653
265º: 10 10 588 654
266º: 16 29 1739 656
267º: 16 3 262 658
268º: 16 28 1821 660
269º: 13 22 590 660
270º: 13 26 396 664
271º: 7 20 1241 674
272º: 9 6 1467 681
273º: 13 3 690 686
274º: 6 13 1713 686
275º: 10 19 709 692
276º: 3 16 501 692
277º: 13 10 483 694
278º: 16 19 1873 697
279º: 16 16 878 697
280º: 16 6 1188 697
281º: 3 23 697 699
282º: 16 13 367 703
283º: 29 20 1991 704
284º: 7 20 1880 705
285º: 3 19 1928 713
Day 5:
286º: 6 13 1201 715
287º: 20 10 1569 720
288º: 16 13 654 720
289º: 13 3 621 723
290º: 16 13 671 726
291º: 19 22 691 728
292º: 16 26 1590 728
293º: 13 20 1951 729
294º: 19 6 217 732
295º: 26 6 1627 732
296º: 3 13 355 737
297º: 16 3 279 744
298º: 19 25 1263 748
299º: 7 26 634 751
300º: 19 16 1489 751
301º: 22 19 287 752
302º: 19 28 213 755
303º: 19 3 784 755
304º: 7 20 412 756
305º: 19 6 1813 756
306º: 3 16 1796 762
307º: 22 3 1565 763
308º: 22 13 667 765
309º: 10 3 547 766
310º: 22 22 265 766
311º: 22 16 1819 768
312º: 29 10 243 775
313º: 19 22 1440 777
314º: 26 29 267 777
315º: 19 28 512 778
316º: 19 25 305 782
317º: 6 22 794 783
318º: 3 3 699 786
319º: 3 10 1475 786
320º: 29 23 1148 789
321º: 6 19 486 789
322º: 19 25 854 790
323º: 22 28 1002 795
